;ID		ncore	nmips	memory		storage		network		start_time	duration
Task
0	2	2400	7	2500	100	0	19025	
1	2	2400	7	2500	1000	172211	43328	
2	2	2400	7	2500	100	251072	34361	
3	4	2400	15	2500	1000	253225	37372	
4	2	2400	7	2500	100	253392	35202	
5	8	2400	7	2500	10	256867	22746	
6	4	2400	15	2500	10	306389	24562	
7	4	2400	15	2500	10	325830	6858	
8	2	2400	7	2500	100	335032	8219	
9	4	2400	15	2500	100	335042	29203	
10	4	2400	15	2500	10	335050	28881	
11	2	2400	7	2500	10	339439	3554	
12	8	2400	7	2500	1000	352740	6835	
13	2	2400	7	2500	1000	382934	43334	
14	4	2400	15	2500	1000	382971	12694	
15	8	2400	7	2500	100	383006	3635	
16	4	2400	15	2500	10	383062	43333	
17	2	2400	7	2500	1000	383088	132	
18	4	2400	15	2500	10	383107	43333	
19	2	2400	7	2500	100	385817	2368	
20	4	2400	15	2500	100	392390	3040	
21	8	2400	7	2500	100	392776	31071	
22	8	2400	7	2500	100	394761	8866	
23	2	2400	7	2500	100	394914	43335	
24	8	2400	7	2500	1000	394928	30630	
25	8	2400	7	2500	1000	395433	589	
26	2	2400	7	2500	100	397570	422	
27	8	2400	7	2500	10	397992	4274	
28	2	2400	7	2500	10	399229	30317	
29	8	2400	7	2500	1000	399255	30958	
30	8	2400	7	2500	1000	402270	527	
31	8	2400	7	2500	10	403632	11010	
32	8	2400	7	2500	1000	403899	423	
33	4	2400	15	2500	1000	404322	3257	
34	8	2400	7	2500	1000	407579	522	
35	4	2400	15	2500	1000	409242	427	
36	2	2400	7	2500	100	409670	2813	
37	4	2400	15	2500	100	412485	549	
38	4	2400	15	2500	1000	414162	433	
39	4	2400	15	2500	1000	414595	2640	
40	8	2400	7	2500	1000	414647	8805	
41	4	2400	15	2500	1000	417236	529	
42	2	2400	7	2500	10	423458	11092	
43	8	2400	7	2500	1000	424574	5527	
44	2	2400	7	2500	1000	426458	422	
45	2	2400	7	2500	100	426557	25993	
46	8	2400	7	2500	10	426880	2921	
47	4	2400	15	2500	10	426926	14102	
48	8	2400	7	2500	100	427006	31281	
49	2	2400	7	2500	1000	427017	24820	
50	8	2400	7	2500	10	427139	27998	
51	8	2400	7	2500	100	427631	4845	
52	8	2400	7	2500	10	427661	6317	
53	2	2400	7	2500	100	427813	31528	
54	2	2400	7	2500	100	429546	29865	
55	2	2400	7	2500	10	429802	555	
56	2	2400	7	2500	10	430214	31058	
57	8	2400	7	2500	1000	431707	433	
58	8	2400	7	2500	1000	432141	2430	
59	8	2400	7	2500	1000	434572	526	
60	8	2400	7	2500	100	434574	8670	
61	2	2400	7	2500	10	435361	43405	
62	2	2400	7	2500	100	436389	420	
63	4	2400	15	2500	1000	436810	2522	
64	4	2400	15	2500	1000	439333	544	
65	8	2400	7	2500	10	440328	43330	
66	8	2400	7	2500	10	441027	33	
67	4	2400	15	2500	10	441259	412	
68	8	2400	7	2500	10	441673	2686	
69	4	2400	15	2500	10	443250	9009	
70	8	2400	7	2500	100	444361	544	
71	4	2400	15	2500	1000	452288	9176	
72	2	2400	7	2500	100	453694	424	
73	8	2400	7	2500	10	454118	2760	
74	8	2400	7	2500	100	454714	13166	
75	4	2400	15	2500	1000	455969	24802	
76	4	2400	15	2500	1000	456007	28876	
77	8	2400	7	2500	10	456016	28118	
78	2	2400	7	2500	1000	456027	25167	
79	4	2400	15	2500	1000	456042	24206	
80	4	2400	15	2500	10	456055	34462	
81	2	2400	7	2500	1000	456879	555	
82	2	2400	7	2500	100	458900	411	
83	8	2400	7	2500	10	459312	3509	
84	2	2400	7	2500	100	459398	5463	
85	2	2400	7	2500	100	459419	30491	
86	8	2400	7	2500	10	460991	24061	
87	2	2400	7	2500	100	461275	31293	
88	2	2400	7	2500	100	461496	11164	
89	4	2400	15	2500	100	462823	539	
90	8	2400	7	2500	10	472204	417	
91	2	2400	7	2500	100	472622	2544	
92	2	2400	7	2500	1000	472674	8999	
93	4	2400	15	2500	100	475166	526	
94	4	2400	15	2500	1000	477228	413	
95	2	2400	7	2500	1000	477642	2363	
96	2	2400	7	2500	1000	479186	18570	
97	8	2400	7	2500	10	480007	555	
98	8	2400	7	2500	1000	480509	120	
99	8	2400	7	2500	1000	480809	216	
100	2	2400	7	2500	10	481702	8508	
101	4	2400	15	2500	100	483430	11161	
102	8	2400	7	2500	100	489659	489	
103	4	2400	15	2500	1000	489915	31396	
104	8	2400	7	2500	1000	490148	2691	
105	2	2400	7	2500	10	490232	11181	
106	4	2400	15	2500	10	492575	31800	
107	8	2400	7	2500	100	492842	563	
108	8	2400	7	2500	10	501439	8786	
109	2	2400	7	2500	1000	504947	36873	
110	8	2400	7	2500	10	509400	157	
111	4	2400	15	2500	100	509430	45	
112	4	2400	15	2500	10	509456	63	
113	4	2400	15	2500	100	509481	64	
114	2	2400	7	2500	1000	509504	66	
115	4	2400	15	2500	100	509535	169	
116	4	2400	15	2500	100	509560	242	
117	8	2400	7	2500	10	509874	43387	
118	4	2400	15	2500	1000	510234	8722	
119	4	2400	15	2500	100	517871	728	
120	4	2400	15	2500	100	517889	132	
121	2	2400	7	2500	10	517909	129	
122	2	2400	7	2500	100	517924	137	
123	8	2400	7	2500	1000	517942	213	
124	2	2400	7	2500	1000	518559	9154	
125	4	2400	15	2500	1000	518755	651	
126	4	2400	15	2500	1000	518991	8904	
127	2	2400	7	2500	10	521323	40119	
128	8	2400	7	2500	100	521359	533	
129	2	2400	7	2500	100	521924	2	
130	2	2400	7	2500	10	522016	166	
131	4	2400	15	2500	1000	522223	71	
132	4	2400	15	2500	100	522443	315	
133	4	2400	15	2500	100	523052	3	
134	8	2400	7	2500	10	523139	3	
135	8	2400	7	2500	10	523150	354	
136	4	2400	15	2500	10	523530	182	
137	2	2400	7	2500	100	523734	49	
138	8	2400	7	2500	1000	524326	69	
139	4	2400	15	2500	10	524385	31932	
140	2	2400	7	2500	10	524725	451	
141	8	2400	7	2500	10	525063	10171	
142	8	2400	7	2500	1000	525380	61	
143	2	2400	7	2500	1000	525960	60	
144	4	2400	15	2500	100	526526	61	
145	4	2400	15	2500	1000	526613	2	
146	8	2400	7	2500	100	526649	8	
147	2	2400	7	2500	100	527841	140	
148	8	2400	7	2500	100	528120	8857	
149	4	2400	15	2500	10	528372	19221	
150	4	2400	15	2500	10	530432	428	
151	4	2400	15	2500	1000	530862	3964	
152	4	2400	15	2500	10	533325	180	
153	2	2400	7	2500	1000	533334	191	
154	8	2400	7	2500	1000	533346	188	
155	4	2400	15	2500	1000	533362	184	
156	4	2400	15	2500	1000	533380	222	
157	2	2400	7	2500	10	533393	171	
158	4	2400	15	2500	1000	533409	191	
159	2	2400	7	2500	10	533426	213	
160	4	2400	15	2500	10	534828	727	
161	8	2400	7	2500	100	537318	45	
162	2	2400	7	2500	1000	538074	244	
163	8	2400	7	2500	1000	538264	430	
164	4	2400	15	2500	100	538553	179	
165	2	2400	7	2500	1000	538696	3821	
166	2	2400	7	2500	100	539777	166	
167	2	2400	7	2500	1000	539951	18	
168	2	2400	7	2500	100	541695	13	
169	4	2400	15	2500	1000	541719	11	
170	8	2400	7	2500	10	542000	10	
171	4	2400	15	2500	100	542205	8	
172	4	2400	15	2500	10	542451	9	
173	8	2400	7	2500	100	542524	593	
174	2	2400	7	2500	10	542728	20	
175	4	2400	15	2500	100	543530	18	
176	8	2400	7	2500	10	544333	12	
177	8	2400	7	2500	10	544523	92	
178	8	2400	7	2500	1000	545766	101	
179	4	2400	15	2500	100	546227	93	
180	8	2400	7	2500	1000	553657	411	
181	2	2400	7	2500	1000	554068	3832	
182	2	2400	7	2500	1000	556314	41657	
183	4	2400	15	2500	1000	556586	8823	
184	8	2400	7	2500	10	557902	648	
185	8	2400	7	2500	1000	560069	484	
186	4	2400	15	2500	1000	560554	3732	
187	8	2400	7	2500	100	561446	31416	
188	8	2400	7	2500	100	564288	582	
189	2	2400	7	2500	10	565430	9078	
190	8	2400	7	2500	1000	565593	7449	
191	2	2400	7	2500	10	569940	22241	
192	8	2400	7	2500	100	573841	481	
193	2	2400	7	2500	1000	574323	19120	
194	2	2400	7	2500	100	574524	8942	
195	2	2400	7	2500	1000	583484	9521	
196	4	2400	15	2500	1000	592867	40727	
197	4	2400	15	2500	100	593012	8712	
198	2	2400	7	2500	1000	593403	43442	
199	8	2400	7	2500	1000	593445	527	
200	8	2400	7	2500	10	593720	23111	
201	8	2400	7	2500	1000	595358	446	
202	4	2400	15	2500	10	595805	4055	
203	8	2400	7	2500	100	597983	32250	
204	8	2400	7	2500	10	599253	5	
205	4	2400	15	2500	100	599573	4	
206	4	2400	15	2500	10	599861	548	
207	4	2400	15	2500	10	601337	5	
208	4	2400	15	2500	100	601735	11143	
209	2	2400	7	2500	1000	607269	6	
210	4	2400	15	2500	1000	607297	5	
211	4	2400	15	2500	100	607810	18	
212	8	2400	7	2500	10	608192	98	
213	4	2400	15	2500	10	608382	9	
214	2	2400	7	2500	10	609375	538	
215	4	2400	15	2500	10	609914	3670	
216	4	2400	15	2500	1000	611530	43330	
217	4	2400	15	2500	10	612885	8801	
218	2	2400	7	2500	10	613403	73	
219	8	2400	7	2500	100	613585	585	
220	4	2400	15	2500	1000	614562	197	
221	8	2400	7	2500	1000	616225	1534	
222	2	2400	7	2500	100	616349	480	
223	4	2400	15	2500	100	616830	3817	
224	2	2400	7	2500	100	617862	69	
225	8	2400	7	2500	100	618385	331	
226	8	2400	7	2500	100	619235	276	
227	4	2400	15	2500	100	620648	574	
228	8	2400	7	2500	10	620973	334	
229	2	2400	7	2500	1000	621357	81	
230	4	2400	15	2500	100	621695	11134	
231	8	2400	7	2500	1000	621967	295	
232	2	2400	7	2500	100	622329	67	
233	2	2400	7	2500	10	622448	288	
234	2	2400	7	2500	10	623032	43330	
235	8	2400	7	2500	10	623129	43332	
236	8	2400	7	2500	100	623129	43334	
237	2	2400	7	2500	100	623462	43330	
238	8	2400	7	2500	1000	623529	249	
239	4	2400	15	2500	1000	623736	575	
240	2	2400	7	2500	10	623814	37569	
241	8	2400	7	2500	10	623814	43329	
242	8	2400	7	2500	100	623946	108	
243	2	2400	7	2500	100	624116	353	
244	4	2400	15	2500	10	624312	3839	
245	4	2400	15	2500	100	624833	856	
246	2	2400	7	2500	10	625805	102	
247	8	2400	7	2500	10	626001	11598	
248	2	2400	7	2500	1000	628155	521	
249	8	2400	7	2500	1000	630234	32000	
250	2	2400	7	2500	100	630564	2074	
251	4	2400	15	2500	100	631788	164	
252	8	2400	7	2500	10	632073	9705	
253	8	2400	7	2500	10	632834	8615	
254	8	2400	7	2500	100	633602	40811	
255	4	2400	15	2500	10	635463	516	
256	2	2400	7	2500	100	637733	418	
257	2	2400	7	2500	10	638152	3744	
258	2	2400	7	2500	10	641451	147	
259	4	2400	15	2500	10	641455	11112	
260	4	2400	15	2500	10	641898	531	
261	4	2400	15	2500	10	643776	468	
262	2	2400	7	2500	10	644244	3733	
263	8	2400	7	2500	100	647979	574	
264	4	2400	15	2500	100	651977	22979	
265	2	2400	7	2500	100	652580	9098	
266	8	2400	7	2500	1000	657386	428	
267	2	2400	7	2500	100	657815	4020	
268	8	2400	7	2500	100	661686	11088	
269	8	2400	7	2500	100	661837	587	
270	4	2400	15	2500	100	662239	30991	
271	8	2400	7	2500	100	668585	55	
272	2	2400	7	2500	1000	668970	18	
273	2	2400	7	2500	1000	669314	18	
274	8	2400	7	2500	1000	669583	18	
275	8	2400	7	2500	100	669764	17	
276	2	2400	7	2500	10	669898	22	
277	4	2400	15	2500	1000	670197	24	
278	4	2400	15	2500	100	670401	18	
279	8	2400	7	2500	1000	670660	17	
280	4	2400	15	2500	10	670900	20	
281	2	2400	7	2500	10	671057	437	
282	8	2400	7	2500	100	671308	17	
283	2	2400	7	2500	10	671396	19	
284	4	2400	15	2500	100	671495	4402	
285	2	2400	7	2500	100	671504	57	
286	8	2400	7	2500	1000	671926	142	
287	2	2400	7	2500	1000	672033	112	
288	8	2400	7	2500	100	672549	101	
289	8	2400	7	2500	1000	673028	8787	
290	8	2400	7	2500	10	673444	187	
291	4	2400	15	2500	1000	673456	183	
292	8	2400	7	2500	1000	673466	207	
293	2	2400	7	2500	10	674423	30542	
294	8	2400	7	2500	100	675900	593	
295	2	2400	7	2500	1000	676376	44	
296	8	2400	7	2500	100	676900	78	
297	2	2400	7	2500	10	676920	65	
298	4	2400	15	2500	10	676933	63	
299	2	2400	7	2500	100	677189	137	
300	2	2400	7	2500	100	677296	88	
301	4	2400	15	2500	10	677436	63	
302	8	2400	7	2500	100	677972	44	
303	4	2400	15	2500	1000	677982	47	
304	4	2400	15	2500	100	677995	55	
305	8	2400	7	2500	100	678728	119	
306	2	2400	7	2500	1000	679112	131	
307	8	2400	7	2500	100	679411	132	
308	4	2400	15	2500	100	680166	3726	
309	4	2400	15	2500	100	680253	3729	
310	2	2400	7	2500	100	680346	3726	
311	2	2400	7	2500	10	680681	58	
312	4	2400	15	2500	1000	681522	24749	
313	4	2400	15	2500	1000	681607	43367	
314	8	2400	7	2500	100	681817	9008	
315	2	2400	7	2500	100	685152	477	
316	8	2400	7	2500	100	685630	4964	
317	8	2400	7	2500	10	687498	50	
318	8	2400	7	2500	1000	687509	21	
319	2	2400	7	2500	1000	687563	68	
320	8	2400	7	2500	100	687666	20	
321	4	2400	15	2500	1000	687749	13	
322	2	2400	7	2500	10	687765	17	
323	2	2400	7	2500	1000	687892	14	
324	2	2400	7	2500	1000	687930	12	
325	2	2400	7	2500	10	687948	13	
326	2	2400	7	2500	100	687975	13	
327	8	2400	7	2500	1000	687999	13	
328	4	2400	15	2500	100	688016	15	
329	2	2400	7	2500	1000	688035	13	
330	4	2400	15	2500	1000	688066	13	
331	2	2400	7	2500	1000	688100	13	
332	4	2400	15	2500	10	688115	12	
333	2	2400	7	2500	10	688128	13	
334	8	2400	7	2500	10	688144	12	
335	8	2400	7	2500	100	688159	15	
336	2	2400	7	2500	1000	688178	14	
337	2	2400	7	2500	100	688238	21	
338	8	2400	7	2500	1000	688302	20	
339	8	2400	7	2500	100	688325	21	
340	4	2400	15	2500	10	688375	20	
341	8	2400	7	2500	10	688398	20	
342	8	2400	7	2500	1000	688428	19	
343	4	2400	15	2500	1000	688509	22	
344	2	2400	7	2500	10	688533	21	
345	4	2400	15	2500	10	688609	20	
346	4	2400	15	2500	1000	688632	20	
347	8	2400	7	2500	100	688655	20	
348	2	2400	7	2500	10	688677	22	
349	2	2400	7	2500	1000	688702	19	
350	4	2400	15	2500	100	688725	21	
351	8	2400	7	2500	100	690596	1046	
352	4	2400	15	2500	100	690829	667	
353	2	2400	7	2500	10	692056	62	
354	8	2400	7	2500	100	693250	512	
355	4	2400	15	2500	100	693283	208	
356	4	2400	15	2500	1000	693335	310	
357	4	2400	15	2500	1000	693443	319	
358	4	2400	15	2500	1000	693785	5426	
359	4	2400	15	2500	1000	695896	303	
360	2	2400	7	2500	100	697971	3727	
361	8	2400	7	2500	10	698074	3729	
362	2	2400	7	2500	1000	698094	3727	
363	2	2400	7	2500	100	699214	678	
364	4	2400	15	2500	10	699232	1250	
365	8	2400	7	2500	100	699255	175	
366	2	2400	7	2500	10	699273	121	
367	4	2400	15	2500	1000	699301	107	
368	8	2400	7	2500	10	699323	112	
369	8	2400	7	2500	10	699340	131	
370	4	2400	15	2500	100	699362	141	
371	2	2400	7	2500	10	702756	1633	
372	4	2400	15	2500	1000	703171	111	
373	2	2400	7	2500	100	704579	130	
374	4	2400	15	2500	100	704961	300	
375	4	2400	15	2500	10	705046	212	
376	2	2400	7	2500	10	705193	224	
377	8	2400	7	2500	10	705623	2652	
378	2	2400	7	2500	100	707036	293	
379	8	2400	7	2500	1000	707196	163	
380	8	2400	7	2500	1000	707467	110	
381	4	2400	15	2500	100	707827	563	
382	2	2400	7	2500	10	708029	60	
383	2	2400	7	2500	100	708245	279	
384	2	2400	7	2500	10	708424	421	
385	4	2400	15	2500	10	708701	104	
386	4	2400	15	2500	1000	708805	76	
387	2	2400	7	2500	10	708946	58	
388	4	2400	15	2500	100	708946	67	
389	8	2400	7	2500	100	710885	68	
390	8	2400	7	2500	10	711010	282	
391	8	2400	7	2500	100	711392	787	
392	8	2400	7	2500	100	711559	861	
393	2	2400	7	2500	1000	711709	33	
394	2	2400	7	2500	1000	711719	28	
395	2	2400	7	2500	10	711731	21	
396	8	2400	7	2500	10	712321	718	
397	2	2400	7	2500	10	712586	38	
398	4	2400	15	2500	10	712630	161	
399	8	2400	7	2500	100	713399	895	
400	4	2400	15	2500	100	713828	45	
401	2	2400	7	2500	1000	714372	1217	
402	8	2400	7	2500	10	714413	1358	
403	4	2400	15	2500	100	715475	2804	
404	2	2400	7	2500	10	716105	526	
405	4	2400	15	2500	100	716107	14	
406	2	2400	7	2500	100	716138	29	
407	2	2400	7	2500	10	716192	25	
408	2	2400	7	2500	100	716226	34	
409	2	2400	7	2500	100	718195	43	
410	8	2400	7	2500	10	718327	31	
411	4	2400	15	2500	100	738070	216	
412	4	2400	15	2500	10	738377	10070	
413	4	2400	15	2500	100	740404	198	
414	4	2400	15	2500	10	743646	209	
415	8	2400	7	2500	10	744803	241	
416	8	2400	7	2500	100	745258	371	
417	4	2400	15	2500	100	745680	9826	
418	2	2400	7	2500	1000	746329	9762	
419	4	2400	15	2500	100	763485	5230	
420	4	2400	15	2500	10	763767	75	
421	4	2400	15	2500	10	765209	30627	
422	2	2400	7	2500	1000	765649	31443	
423	8	2400	7	2500	100	772875	29	
424	4	2400	15	2500	10	775654	119	
425	2	2400	7	2500	1000	775710	144	
426	2	2400	7	2500	10	775972	128	
427	8	2400	7	2500	1000	776192	125	
428	2	2400	7	2500	10	777227	71	
429	2	2400	7	2500	1000	780327	176	
430	8	2400	7	2500	1000	781253	36667	
431	8	2400	7	2500	10	782161	43338	
432	2	2400	7	2500	10	790987	36	
433	2	2400	7	2500	100	791080	5	
434	8	2400	7	2500	10	791218	228	
435	4	2400	15	2500	10	791375	34	
436	2	2400	7	2500	100	791448	210	
437	8	2400	7	2500	100	791544	36	
438	4	2400	15	2500	100	791668	196	
439	4	2400	15	2500	100	791874	328	
440	8	2400	7	2500	100	791936	50	
441	4	2400	15	2500	100	792271	475	
442	2	2400	7	2500	10	792749	30	
443	4	2400	15	2500	1000	792790	317	
444	2	2400	7	2500	100	793899	99	
445	2	2400	7	2500	100	793991	174	
446	2	2400	7	2500	1000	794071	120	
447	8	2400	7	2500	100	794362	3952	
448	8	2400	7	2500	100	794557	33	
449	8	2400	7	2500	100	795594	29	
450	4	2400	15	2500	100	795839	30004	
451	8	2400	7	2500	100	796311	126	
452	2	2400	7	2500	1000	796321	124	
453	2	2400	7	2500	1000	796413	45	
454	2	2400	7	2500	10	796416	436	
455	4	2400	15	2500	100	796699	13157	
456	4	2400	15	2500	100	796791	15928	
457	4	2400	15	2500	100	796801	18356	
458	4	2400	15	2500	10	797094	32094	
459	8	2400	7	2500	10	797304	22	
460	4	2400	15	2500	100	798531	19637	
461	8	2400	7	2500	100	799135	430	
462	8	2400	7	2500	1000	799226	33	
463	8	2400	7	2500	1000	799304	41	
464	4	2400	15	2500	100	799567	5223	
465	8	2400	7	2500	100	801787	9878	
466	4	2400	15	2500	10	802274	89	
467	4	2400	15	2500	100	802329	43392	
468	2	2400	7	2500	10	802707	327	
469	2	2400	7	2500	100	804792	563	
470	2	2400	7	2500	10	811688	36496	
471	8	2400	7	2500	100	813806	41	
472	8	2400	7	2500	1000	815195	31	
473	2	2400	7	2500	1000	815995	32	
474	8	2400	7	2500	1000	816064	35	
475	8	2400	7	2500	1000	816344	33	
476	8	2400	7	2500	100	816625	24	
477	8	2400	7	2500	1000	817647	37	
478	4	2400	15	2500	1000	817924	30	
479	4	2400	15	2500	10	818617	1032	
480	2	2400	7	2500	10	824814	3976	
481	2	2400	7	2500	10	825846	30688	
482	4	2400	15	2500	100	827685	19697	
483	4	2400	15	2500	10	829184	40988	
484	8	2400	7	2500	10	831702	19485	
485	2	2400	7	2500	100	851491	1600	
486	2	2400	7	2500	1000	851728	34797	
487	4	2400	15	2500	100	852047	36815	
488	8	2400	7	2500	1000	853075	24184	
489	8	2400	7	2500	1000	856532	36361	
490	4	2400	15	2500	10	868967	35283	
491	8	2400	7	2500	1000	870169	40750	
492	4	2400	15	2500	100	877381	38840	
493	2	2400	7	2500	100	886012	33359	
494	8	2400	7	2500	100	886028	36898	
495	8	2400	7	2500	1000	886041	32990	
496	8	2400	7	2500	100	886051	33468	
497	8	2400	7	2500	10	887822	12191	
498	8	2400	7	2500	10	888027	80	
499	2	2400	7	2500	10	888234	5	
500	4	2400	15	2500	10	888696	9	
501	2	2400	7	2500	10	889155	6	
502	2	2400	7	2500	100	889258	5	
503	8	2400	7	2500	10	889270	5	
504	8	2400	7	2500	10	889342	5	
505	4	2400	15	2500	100	892905	29440	
506	2	2400	7	2500	10	903222	15514	
507	2	2400	7	2500	100	909101	15461	
508	4	2400	15	2500	10	910925	43335	
509	2	2400	7	2500	10	916263	17581	
510	2	2400	7	2500	10	922364	33179	
511	8	2400	7	2500	1000	944116	7	
512	8	2400	7	2500	100	944639	7	
513	4	2400	15	2500	10	944902	8	
514	4	2400	15	2500	10	945112	8	
515	8	2400	7	2500	100	945982	32519	
516	2	2400	7	2500	10	955547	39725	
517	8	2400	7	2500	1000	956835	33044	
518	2	2400	7	2500	10	956934	452	
519	2	2400	7	2500	1000	960524	11	
520	8	2400	7	2500	1000	960968	6	
521	2	2400	7	2500	1000	962693	31453	
522	8	2400	7	2500	1000	962727	277	
523	4	2400	15	2500	10	964104	43331	
524	8	2400	7	2500	10	968181	14	
525	4	2400	15	2500	1000	968267	429	
526	8	2400	7	2500	100	974972	19594	
527	2	2400	7	2500	1000	979655	15445	
528	2	2400	7	2500	1000	995283	30806	
529	4	2400	15	2500	100	997581	6377	
530	8	2400	7	2500	100	1021144	40350	
531	4	2400	15	2500	100	1021471	97	
532	2	2400	7	2500	10	1025921	11	
533	2	2400	7	2500	10	1025939	24	
534	4	2400	15	2500	1000	1025984	5	
535	8	2400	7	2500	100	1026003	4	
536	4	2400	15	2500	10	1026060	6	
537	8	2400	7	2500	100	1026074	9	
538	2	2400	7	2500	100	1026091	40518	
539	4	2400	15	2500	100	1026095	12	
540	4	2400	15	2500	1000	1026579	4	
541	8	2400	7	2500	100	1027471	4	
542	8	2400	7	2500	10	1028088	6	
543	8	2400	7	2500	10	1028339	6	
544	4	2400	15	2500	100	1028681	5	
545	2	2400	7	2500	1000	1028717	147	
546	4	2400	15	2500	10	1028943	8	
547	4	2400	15	2500	100	1029028	8	
548	2	2400	7	2500	1000	1029219	193	
549	8	2400	7	2500	1000	1029434	9	
550	8	2400	7	2500	10	1029523	5	
551	8	2400	7	2500	10	1030024	5	
552	2	2400	7	2500	1000	1030069	4	
553	2	2400	7	2500	1000	1030297	4	
554	8	2400	7	2500	10	1030332	30	
555	4	2400	15	2500	10	1030406	37	
556	8	2400	7	2500	10	1030574	5	
557	4	2400	15	2500	100	1030677	2076	
558	2	2400	7	2500	10	1030686	6	
559	8	2400	7	2500	1000	1030783	853	
560	2	2400	7	2500	10	1032225	34324	
561	8	2400	7	2500	10	1033558	2	
562	2	2400	7	2500	1000	1033568	6	
563	2	2400	7	2500	10	1033584	5	
564	4	2400	15	2500	1000	1033592	5	
565	4	2400	15	2500	10	1035161	4	
566	4	2400	15	2500	100	1035449	3	
567	8	2400	7	2500	1000	1036457	4	
568	4	2400	15	2500	1000	1036565	6	
569	4	2400	15	2500	10	1036715	566	
570	4	2400	15	2500	1000	1037398	5	
571	8	2400	7	2500	1000	1037406	3	
572	2	2400	7	2500	100	1037412	4	
573	8	2400	7	2500	1000	1037420	5	
574	8	2400	7	2500	1000	1038580	609	
575	2	2400	7	2500	1000	1039301	3	
576	4	2400	15	2500	1000	1039386	5	
577	8	2400	7	2500	100	1039882	4	
578	8	2400	7	2500	100	1040579	5	
579	2	2400	7	2500	10	1040851	6	
580	2	2400	7	2500	10	1040971	8	
581	2	2400	7	2500	100	1041013	7	
582	8	2400	7	2500	1000	1041024	4	
583	4	2400	15	2500	100	1041031	40	
584	2	2400	7	2500	10	1041075	37	
585	8	2400	7	2500	10	1041117	259	
586	8	2400	7	2500	10	1041135	8	
587	4	2400	15	2500	1000	1041139	4	
588	2	2400	7	2500	100	1041216	4	
589	8	2400	7	2500	10	1041324	4	
590	8	2400	7	2500	100	1041381	3	
591	4	2400	15	2500	100	1041545	4	
592	8	2400	7	2500	1000	1041552	3	
593	8	2400	7	2500	100	1041558	4	
594	4	2400	15	2500	10	1041566	5	
595	2	2400	7	2500	100	1041574	7	
596	2	2400	7	2500	100	1041622	4	
597	4	2400	15	2500	100	1041638	4	
598	8	2400	7	2500	10	1041726	6	
599	4	2400	15	2500	10	1041929	6	
600	4	2400	15	2500	10	1041939	5	
601	2	2400	7	2500	1000	1041962	5	
602	8	2400	7	2500	10	1041971	8	
603	2	2400	7	2500	100	1041972	8	
604	8	2400	7	2500	10	1041989	8	
605	2	2400	7	2500	1000	1042005	12	
606	4	2400	15	2500	100	1042176	6	
607	8	2400	7	2500	100	1042353	6	
608	2	2400	7	2500	100	1042551	6	
609	4	2400	15	2500	1000	1042768	7	
610	2	2400	7	2500	100	1042925	6	
611	4	2400	15	2500	100	1042990	112	
612	8	2400	7	2500	1000	1043222	6	
613	2	2400	7	2500	10	1043255	6	
614	8	2400	7	2500	100	1043314	39	
615	4	2400	15	2500	100	1043473	7969	
616	8	2400	7	2500	1000	1043523	39606	
617	8	2400	7	2500	100	1043536	5	
618	2	2400	7	2500	1000	1043832	5	
619	8	2400	7	2500	10	1043852	5	
620	2	2400	7	2500	100	1044215	6	
621	2	2400	7	2500	100	1044480	5	
622	4	2400	15	2500	100	1045156	6	
623	8	2400	7	2500	100	1054247	16897	
624	2	2400	7	2500	1000	1054619	1643	
625	2	2400	7	2500	100	1056788	4	
626	4	2400	15	2500	10	1056875	17	
627	8	2400	7	2500	100	1056911	4	
628	2	2400	7	2500	10	1057137	4	
629	8	2400	7	2500	10	1057144	5	
630	8	2400	7	2500	10	1057239	3	
631	4	2400	15	2500	100	1061507	31508	
632	8	2400	7	2500	10	1066619	40801	
633	8	2400	7	2500	1000	1069553	8	
634	4	2400	15	2500	10	1082910	15382	
635	2	2400	7	2500	100	1083344	15426	
636	4	2400	15	2500	10	1083868	15446	
637	4	2400	15	2500	1000	1083976	5647	
638	2	2400	7	2500	1000	1093013	16394	
639	2	2400	7	2500	10	1093013	31386	
640	4	2400	15	2500	1000	1107420	30803	
641	4	2400	15	2500	10	1107420	41214	
642	8	2400	7	2500	10	1111792	7	
643	2	2400	7	2500	10	1111879	8	
644	4	2400	15	2500	10	1112110	91	
645	2	2400	7	2500	1000	1112235	6	
646	8	2400	7	2500	1000	1112517	18	
647	8	2400	7	2500	10	1112926	6	
648	2	2400	7	2500	100	1112967	6	
649	8	2400	7	2500	100	1113775	6	
650	8	2400	7	2500	1000	1113802	81	
651	4	2400	15	2500	100	1114026	34750	
652	4	2400	15	2500	10	1114293	8	
653	8	2400	7	2500	1000	1114349	53	
654	4	2400	15	2500	10	1114615	6	
655	2	2400	7	2500	100	1114728	6	
656	2	2400	7	2500	1000	1115055	7	
657	4	2400	15	2500	100	1115084	6	
658	4	2400	15	2500	10	1115135	3	
659	4	2400	15	2500	1000	1115472	6	
660	4	2400	15	2500	1000	1115899	6	
661	2	2400	7	2500	10	1115962	6	
662	2	2400	7	2500	100	1115985	13	
663	8	2400	7	2500	10	1116050	6	
664	4	2400	15	2500	1000	1116289	518	
665	2	2400	7	2500	100	1116955	333	
666	8	2400	7	2500	1000	1117359	2018	
667	2	2400	7	2500	10	1119466	36	
668	8	2400	7	2500	1000	1119559	2487	
669	2	2400	7	2500	1000	1123826	32111	
670	2	2400	7	2500	1000	1123832	40661	
671	4	2400	15	2500	1000	1125042	34574	
672	2	2400	7	2500	100	1132746	43327	
673	8	2400	7	2500	100	1133106	116	
674	4	2400	15	2500	10	1133628	121	
675	8	2400	7	2500	10	1133872	17049	
676	4	2400	15	2500	10	1139629	32	
677	2	2400	7	2500	1000	1141821	304	
678	8	2400	7	2500	1000	1142388	289	
679	2	2400	7	2500	100	1142411	1214	
680	2	2400	7	2500	1000	1146430	121	
681	4	2400	15	2500	10	1146854	43326	
682	2	2400	7	2500	10	1146854	75	
683	4	2400	15	2500	100	1146891	30416	
684	4	2400	15	2500	1000	1146905	15182	
685	8	2400	7	2500	100	1146919	8478	
686	8	2400	7	2500	10	1146934	4889	
687	2	2400	7	2500	100	1146960	3573	
688	8	2400	7	2500	10	1146988	3190	
689	4	2400	15	2500	100	1147223	258	
690	8	2400	7	2500	10	1147304	43326	
691	2	2400	7	2500	10	1147327	43328	
692	4	2400	15	2500	1000	1155210	15565	
693	2	2400	7	2500	10	1155210	1059	
694	8	2400	7	2500	10	1155943	30284	
695	2	2400	7	2500	10	1155943	1053	
696	4	2400	15	2500	100	1158841	13355	
697	4	2400	15	2500	10	1158952	12632	
698	8	2400	7	2500	1000	1164489	4	
699	2	2400	7	2500	10	1164500	15576	
700	4	2400	15	2500	1000	1164500	1055	
701	4	2400	15	2500	100	1164777	4	
702	4	2400	15	2500	10	1165040	32024	
703	2	2400	7	2500	1000	1165040	1063	
704	4	2400	15	2500	1000	1165980	338	
705	8	2400	7	2500	1000	1166340	191	
706	2	2400	7	2500	10	1166689	68	
707	2	2400	7	2500	100	1167448	768	
708	2	2400	7	2500	10	1168066	127	
709	8	2400	7	2500	100	1168229	201	
710	2	2400	7	2500	100	1168775	240	
711	2	2400	7	2500	100	1169163	219	
712	4	2400	15	2500	1000	1170350	874	
713	2	2400	7	2500	1000	1171270	597	
714	8	2400	7	2500	10	1171906	1128	
715	2	2400	7	2500	10	1174472	4	
716	2	2400	7	2500	1000	1174626	11	
717	2	2400	7	2500	10	1174647	6	
718	2	2400	7	2500	100	1174731	8	
719	4	2400	15	2500	10	1174750	7	
720	8	2400	7	2500	10	1174762	7	
721	8	2400	7	2500	10	1199169	67	
722	8	2400	7	2500	100	1199622	6	
723	8	2400	7	2500	1000	1199966	6	
724	8	2400	7	2500	100	1199992	6	
725	8	2400	7	2500	10	1200274	6	
726	8	2400	7	2500	1000	1200490	6	
727	4	2400	15	2500	100	1200503	7	
728	2	2400	7	2500	1000	1200512	6	
729	2	2400	7	2500	1000	1200522	6	
730	4	2400	15	2500	1000	1200534	6	
731	2	2400	7	2500	10	1200688	6	
732	8	2400	7	2500	1000	1201115	6	
733	8	2400	7	2500	10	1202066	6	
734	4	2400	15	2500	1000	1202558	7	
735	2	2400	7	2500	100	1202582	6	
736	4	2400	15	2500	100	1202593	6	
737	8	2400	7	2500	1000	1202612	36	
738	8	2400	7	2500	1000	1202863	6	
739	2	2400	7	2500	10	1204998	1075	
740	8	2400	7	2500	1000	1205012	1170	
741	2	2400	7	2500	10	1205020	628	
742	4	2400	15	2500	10	1205031	634	
743	4	2400	15	2500	1000	1205037	4	
744	2	2400	7	2500	10	1205192	6	
745	4	2400	15	2500	1000	1205583	12629	
746	4	2400	15	2500	1000	1205594	15549	
747	2	2400	7	2500	10	1205973	35	
748	2	2400	7	2500	1000	1205982	34	
749	2	2400	7	2500	100	1206021	27	
750	8	2400	7	2500	100	1206025	31	
751	4	2400	15	2500	1000	1206029	30	
752	2	2400	7	2500	100	1207271	24670	
753	4	2400	15	2500	10	1207275	27580	
754	4	2400	15	2500	100	1207279	26418	
755	4	2400	15	2500	100	1207711	15792	
756	8	2400	7	2500	1000	1207932	31214	
757	2	2400	7	2500	100	1207960	23305	
758	8	2400	7	2500	10	1208034	31672	
759	4	2400	15	2500	1000	1210469	14152	
760	2	2400	7	2500	10	1213278	713	
761	2	2400	7	2500	100	1213922	6	
762	4	2400	15	2500	1000	1214052	3341	
763	2	2400	7	2500	100	1217927	24333	
764	8	2400	7	2500	10	1218037	24496	
765	8	2400	7	2500	100	1222070	42	
766	4	2400	15	2500	10	1223433	43326	
767	4	2400	15	2500	100	1224146	2	
768	4	2400	15	2500	1000	1224158	28	
769	8	2400	7	2500	10	1224256	1	
770	2	2400	7	2500	1000	1227463	1473	
771	8	2400	7	2500	1000	1228607	1	
772	8	2400	7	2500	10	1228643	0	
773	2	2400	7	2500	1000	1230887	0	
774	2	2400	7	2500	10	1230951	53	
775	4	2400	15	2500	100	1231353	0	
776	8	2400	7	2500	1000	1231385	0	
777	4	2400	15	2500	10	1231401	0	
778	2	2400	7	2500	10	1231887	5	
779	4	2400	15	2500	10	1231907	22	
780	8	2400	7	2500	1000	1232407	0	
781	4	2400	15	2500	100	1247734	3071	
782	8	2400	7	2500	100	1247744	36644	
783	2	2400	7	2500	10	1270860	31584	
784	8	2400	7	2500	1000	1271316	30852	
785	8	2400	7	2500	1000	1284571	24271	
786	2	2400	7	2500	100	1284579	31311	
787	2	2400	7	2500	10	1285349	21931	
788	8	2400	7	2500	100	1285354	24182	
789	2	2400	7	2500	10	1293079	15401	
790	4	2400	15	2500	1000	1293088	14835	
791	2	2400	7	2500	100	1293232	37027	
792	2	2400	7	2500	1000	1297165	22	
793	8	2400	7	2500	100	1302174	30500	
794	2	2400	7	2500	100	1302452	31577	
795	4	2400	15	2500	10	1303415	103	
796	8	2400	7	2500	1000	1307836	257	
797	4	2400	15	2500	1000	1311134	43329	
798	4	2400	15	2500	1000	1311468	22329	
799	2	2400	7	2500	100	1311695	43328	
800	4	2400	15	2500	10	1312279	43327	
801	4	2400	15	2500	1000	1313034	43328	
802	4	2400	15	2500	10	1315208	25821	
803	2	2400	7	2500	10	1315214	39381	
804	4	2400	15	2500	100	1320781	17455	
805	4	2400	15	2500	100	1321823	17708	
806	8	2400	7	2500	100	1324301	1146	
807	4	2400	15	2500	100	1329145	36335	
808	8	2400	7	2500	100	1329175	34619	
809	2	2400	7	2500	1000	1329190	195544	
810	4	2400	15	2500	1000	1329651	24161	
811	4	2400	15	2500	100	1329707	24259	
812	2	2400	7	2500	10	1332678	31029	
813	8	2400	7	2500	100	1334032	31739	
814	4	2400	15	2500	100	1334115	81	
815	8	2400	7	2500	10	1363709	30859	
816	2	2400	7	2500	1000	1365770	31716	
817	2	2400	7	2500	1000	1368419	4846	
818	8	2400	7	2500	1000	1371341	43381	
819	4	2400	15	2500	1000	1372538	67	
820	4	2400	15	2500	1000	1372610	31892	
821	4	2400	15	2500	100	1372610	43328	
822	8	2400	7	2500	1000	1373812	28	
823	8	2400	7	2500	10	1373840	28	
824	8	2400	7	2500	1000	1380892	10099	
825	4	2400	15	2500	10	1381164	3306	
826	4	2400	15	2500	100	1385485	16552	
827	2	2400	7	2500	100	1385564	2	
828	8	2400	7	2500	100	1385678	2	
829	8	2400	7	2500	10	1385717	2	
830	2	2400	7	2500	1000	1385770	2	
831	4	2400	15	2500	1000	1385816	3	
832	4	2400	15	2500	100	1394569	30688	
833	8	2400	7	2500	1000	1397486	31706	
834	8	2400	7	2500	1000	1401966	1	
835	4	2400	15	2500	100	1402054	83	
836	4	2400	15	2500	1000	1402445	57	
837	4	2400	15	2500	1000	1405665	26356	
838	8	2400	7	2500	1000	1405670	36627	
839	2	2400	7	2500	1000	1405674	34220	
840	4	2400	15	2500	1000	1413093	35017	
841	2	2400	7	2500	10	1413097	16749	
842	8	2400	7	2500	10	1413097	35034	
843	2	2400	7	2500	1000	1413209	43352	
844	8	2400	7	2500	10	1413213	43347	
845	2	2400	7	2500	10	1425259	30813	
846	2	2400	7	2500	100	1429196	32568	
847	8	2400	7	2500	10	1429592	28	
848	4	2400	15	2500	1000	1456074	30570	
849	2	2400	7	2500	100	1461766	32343	
850	8	2400	7	2500	1000	1463494	35426	
851	2	2400	7	2500	100	1464058	11077	
852	4	2400	15	2500	100	1472845	30657	
853	8	2400	7	2500	100	1472861	32860	
854	2	2400	7	2500	100	1477639	13794	
855	4	2400	15	2500	100	1477806	71	
856	2	2400	7	2500	1000	1478155	267	
857	2	2400	7	2500	1000	1478265	341	
858	2	2400	7	2500	100	1479224	43326	
859	2	2400	7	2500	10	1480282	43327	
860	4	2400	15	2500	10	1480691	43327	
861	8	2400	7	2500	10	1503417	30384	
862	8	2400	7	2500	1000	1503519	30382	
863	2	2400	7	2500	100	1505202	32328	
864	2	2400	7	2500	10	1521715	42	
865	8	2400	7	2500	100	1525620	99	
866	2	2400	7	2500	10	1525721	135	
867	8	2400	7	2500	1000	1525966	150	
868	4	2400	15	2500	100	1526152	268	
869	8	2400	7	2500	1000	1526422	160	
870	2	2400	7	2500	1000	1526692	197	
871	8	2400	7	2500	10	1526892	118	
872	4	2400	15	2500	1000	1527013	59	
873	2	2400	7	2500	1000	1527132	190	
874	2	2400	7	2500	100	1527324	30	
875	8	2400	7	2500	10	1527534	46	
876	4	2400	15	2500	10	1527582	42	
877	4	2400	15	2500	100	1527626	291	
878	4	2400	15	2500	1000	1527920	27	
879	4	2400	15	2500	1000	1528016	98	
880	8	2400	7	2500	10	1528117	47	
881	2	2400	7	2500	100	1528166	97	
882	8	2400	7	2500	10	1528873	52	
883	4	2400	15	2500	100	1529100	117	
884	8	2400	7	2500	1000	1529310	51	
885	2	2400	7	2500	100	1529364	121	
886	8	2400	7	2500	1000	1529535	263	
887	4	2400	15	2500	10	1529800	214	
888	8	2400	7	2500	100	1530016	132	
889	2	2400	7	2500	10	1530150	32	
890	4	2400	15	2500	1000	1530185	24	
891	4	2400	15	2500	1000	1530211	35	
892	2	2400	7	2500	100	1530248	141	
893	4	2400	15	2500	10	1530507	42	
894	8	2400	7	2500	100	1530551	35	
895	8	2400	7	2500	1000	1530589	143	
896	4	2400	15	2500	100	1530940	59	
897	2	2400	7	2500	10	1533810	16955	
898	2	2400	7	2500	1000	1533902	13312	
899	8	2400	7	2500	1000	1535631	152	
900	4	2400	15	2500	10	1535785	293	
901	4	2400	15	2500	10	1536081	35	
902	4	2400	15	2500	1000	1537533	32002	
903	8	2400	7	2500	10	1540054	48	
904	8	2400	7	2500	10	1540207	96	
905	4	2400	15	2500	100	1540305	30	
906	2	2400	7	2500	1000	1540337	94	
907	8	2400	7	2500	100	1540433	14	
908	8	2400	7	2500	100	1540612	172	
909	4	2400	15	2500	100	1540807	37	
910	8	2400	7	2500	10	1540912	25	
911	2	2400	7	2500	100	1541051	78	
912	2	2400	7	2500	100	1541254	3	
913	4	2400	15	2500	10	1541299	3	
914	4	2400	15	2500	1000	1541465	35550	
915	2	2400	7	2500	1000	1541512	9	
916	2	2400	7	2500	1000	1541543	48	
917	2	2400	7	2500	10	1541889	45	
918	8	2400	7	2500	100	1542459	42	
919	2	2400	7	2500	100	1542504	62	
920	2	2400	7	2500	1000	1542568	27	
921	2	2400	7	2500	10	1542597	56	
922	4	2400	15	2500	10	1542985	40	
923	4	2400	15	2500	100	1543027	38	
924	2	2400	7	2500	100	1543066	34	
925	2	2400	7	2500	1000	1543102	42	
926	2	2400	7	2500	10	1543147	51	
927	8	2400	7	2500	100	1543247	40	
928	8	2400	7	2500	100	1543291	76	
929	4	2400	15	2500	10	1544261	82529	
930	4	2400	15	2500	10	1551349	30397	
931	8	2400	7	2500	10	1551533	33649	
932	2	2400	7	2500	10	1552011	37043	
933	8	2400	7	2500	100	1560758	43421	
934	2	2400	7	2500	1000	1572426	54	
935	8	2400	7	2500	10	1574007	51	
936	2	2400	7	2500	10	1577781	8	
937	8	2400	7	2500	10	1577797	7	
938	8	2400	7	2500	1000	1579789	118435	
939	2	2400	7	2500	100	1579789	11543	
940	2	2400	7	2500	100	1581095	31505	
941	4	2400	15	2500	1000	1581747	39318	
942	8	2400	7	2500	100	1602407	27	
943	2	2400	7	2500	10	1612604	32126	
944	2	2400	7	2500	100	1621070	30788	
945	8	2400	7	2500	100	1626763	4684	
946	4	2400	15	2500	1000	1629173	35564	
947	2	2400	7	2500	100	1630070	8	
948	8	2400	7	2500	100	1630291	5	
949	8	2400	7	2500	10	1630519	75	
950	8	2400	7	2500	10	1630735	5	
951	4	2400	15	2500	100	1639921	32610	
952	2	2400	7	2500	10	1639925	443	
953	4	2400	15	2500	10	1640134	36102	
954	8	2400	7	2500	10	1640138	7310	
955	8	2400	7	2500	10	1640141	5511	
956	2	2400	7	2500	1000	1640169	22638	
957	8	2400	7	2500	10	1640173	24898	
958	8	2400	7	2500	10	1644737	32340	
959	8	2400	7	2500	100	1646159	6	
960	2	2400	7	2500	1000	1646174	10	
961	2	2400	7	2500	100	1646263	6	
962	2	2400	7	2500	10	1647119	4	
963	8	2400	7	2500	1000	1647134	11	
964	8	2400	7	2500	100	1647245	9	
965	8	2400	7	2500	100	1647576	5	
966	4	2400	15	2500	1000	1647654	4	
967	4	2400	15	2500	100	1648101	7	
968	2	2400	7	2500	10	1648218	4	
969	2	2400	7	2500	10	1648293	4	
970	2	2400	7	2500	100	1648487	4	
971	4	2400	15	2500	100	1648553	6	
972	8	2400	7	2500	100	1648614	4	
973	4	2400	15	2500	10	1648737	4	
974	8	2400	7	2500	1000	1648758	3207	
975	8	2400	7	2500	1000	1648837	5	
976	8	2400	7	2500	100	1649183	4	
977	4	2400	15	2500	1000	1649195	6	
978	2	2400	7	2500	1000	1650545	1	
979	2	2400	7	2500	100	1651629	34629	
980	4	2400	15	2500	10	1651863	38950	
981	2	2400	7	2500	10	1661550	7	
982	2	2400	7	2500	1000	1661562	5	
983	8	2400	7	2500	10	1677082	41678	
984	4	2400	15	2500	1000	1686864	14002	
985	8	2400	7	2500	10	1686946	17543	
986	8	2400	7	2500	1000	1686946	14447	
987	4	2400	15	2500	1000	1687009	5796	
988	8	2400	7	2500	1000	1687086	5875	
989	4	2400	15	2500	100	1688793	27	
990	4	2400	15	2500	10	1690816	32120	
991	8	2400	7	2500	100	1690816	30692	
992	2	2400	7	2500	10	1703286	153	
993	2	2400	7	2500	100	1703441	50	
994	2	2400	7	2500	10	1705353	7	
995	4	2400	15	2500	1000	1705439	5	
996	2	2400	7	2500	10	1705461	5	
997	2	2400	7	2500	1000	1705557	121	
998	4	2400	15	2500	1000	1705681	233	
999	2	2400	7	2500	1000	1706155	64	

;ID		cores	MIPS/core	memory	storage	network	MaxPwr	basePwr
Machine
0	8	3460	16	1000000	10000	410	200	
1	8	3460	16	1000000	10000	430	260	
2	4	3460	8	1000000	10000	300	180	
3	8	3460	16	1000000	10000	410	200	
4	8	3460	16	1000000	10000	430	260	
5	12	3460	32	1000000	10000	430	210	
6	4	2400	8	1000000	10000	280	170	
7	8	3460	16	1000000	10000	430	260	
8	4	3460	8	1000000	10000	300	180	
9	12	3460	32	1000000	10000	430	210	
10	4	2400	8	1000000	10000	280	170	
11	8	3460	16	1000000	10000	430	260	
12	8	3460	16	1000000	10000	430	260	
13	12	3460	32	1000000	10000	430	210	
14	4	3460	8	1000000	10000	300	180	
15	12	3460	32	1000000	10000	470	230	
16	4	2400	8	1000000	10000	280	170	
17	8	3460	16	1000000	10000	430	260	
18	8	2400	16	1000000	10000	410	250	
19	8	3460	16	1000000	10000	430	260	
20	4	3460	8	1000000	10000	300	180	
21	4	2400	8	1000000	10000	280	170	
22	4	2400	8	1000000	10000	280	170	
23	8	2400	16	1000000	10000	410	250	
24	4	3460	8	1000000	10000	300	180	
25	8	2400	16	1000000	10000	410	250	
26	8	3460	16	1000000	10000	430	260	
27	12	3460	32	1000000	10000	470	230	
28	4	3460	8	1000000	10000	300	180	
29	12	3460	32	1000000	10000	430	210	
30	8	3460	16	1000000	10000	410	200	
31	12	3460	32	1000000	10000	430	210	
32	12	3460	32	1000000	10000	470	230	
33	12	3460	32	1000000	10000	470	230	
34	4	3460	8	1000000	10000	300	180	
35	4	2400	8	1000000	10000	280	170	
36	8	2400	16	1000000	10000	410	250	
37	12	3460	32	1000000	10000	430	210	
38	12	3460	32	1000000	10000	470	230	
39	8	3460	16	1000000	10000	410	200	
40	4	2400	8	1000000	10000	280	170	
41	8	3460	16	1000000	10000	410	200	
42	4	3460	8	1000000	10000	300	180	
43	8	3460	16	1000000	10000	430	260	
44	12	3460	32	1000000	10000	430	210	
45	8	2400	16	1000000	10000	410	250	
46	12	3460	32	1000000	10000	470	230	
47	12	3460	32	1000000	10000	470	230	
48	8	3460	16	1000000	10000	430	260	
49	12	3460	32	1000000	10000	470	230	
50	8	3460	16	1000000	10000	430	260	
51	4	2400	8	1000000	10000	280	170	
52	8	2400	16	1000000	10000	410	250	
53	12	3460	32	1000000	10000	430	210	
54	8	2400	16	1000000	10000	410	250	
55	12	3460	32	1000000	10000	470	230	
56	12	3460	32	1000000	10000	470	230	
57	12	3460	32	1000000	10000	470	230	
58	4	3460	8	1000000	10000	300	180	
59	12	3460	32	1000000	10000	470	230	
60	8	3460	16	1000000	10000	430	260	
61	8	3460	16	1000000	10000	430	260	
62	4	2400	8	1000000	10000	280	170	
63	8	3460	16	1000000	10000	410	200	
64	12	3460	32	1000000	10000	430	210	
65	8	3460	16	1000000	10000	410	200	
66	8	3460	16	1000000	10000	430	260	
67	8	2400	16	1000000	10000	410	250	
68	12	3460	32	1000000	10000	430	210	
69	12	3460	32	1000000	10000	430	210	
70	8	2400	16	1000000	10000	410	250	
71	12	3460	32	1000000	10000	470	230	
72	8	3460	16	1000000	10000	410	200	
73	8	3460	16	1000000	10000	410	200	
74	12	3460	32	1000000	10000	470	230	
75	8	3460	16	1000000	10000	410	200	
76	4	2400	8	1000000	10000	280	170	
77	12	3460	32	1000000	10000	430	210	
78	4	2400	8	1000000	10000	280	170	
79	8	3460	16	1000000	10000	430	260	
80	4	2400	8	1000000	10000	280	170	
81	8	2400	16	1000000	10000	410	250	
82	12	3460	32	1000000	10000	470	230	
83	8	3460	16	1000000	10000	430	260	
84	4	2400	8	1000000	10000	280	170	
85	12	3460	32	1000000	10000	430	210	
86	8	3460	16	1000000	10000	410	200	
87	12	3460	32	1000000	10000	430	210	
88	8	3460	16	1000000	10000	430	260	
89	12	3460	32	1000000	10000	470	230	
90	12	3460	32	1000000	10000	470	230	
91	8	3460	16	1000000	10000	410	200	
92	8	2400	16	1000000	10000	410	250	
93	8	3460	16	1000000	10000	430	260	
94	12	3460	32	1000000	10000	430	210	
95	4	2400	8	1000000	10000	280	170	
96	4	3460	8	1000000	10000	300	180	
97	4	2400	8	1000000	10000	280	170	
98	12	3460	32	1000000	10000	470	230	
99	4	3460	8	1000000	10000	300	180	
100	8	3460	16	1000000	10000	410	200	
101	8	2400	16	1000000	10000	410	250	
102	8	2400	16	1000000	10000	410	250	
103	12	3460	32	1000000	10000	470	230	
104	4	3460	8	1000000	10000	300	180	
105	12	3460	32	1000000	10000	430	210	
106	4	2400	8	1000000	10000	280	170	
107	4	3460	8	1000000	10000	300	180	
108	12	3460	32	1000000	10000	430	210	
109	8	3460	16	1000000	10000	410	200	
110	8	2400	16	1000000	10000	410	250	
111	8	2400	16	1000000	10000	410	250	
112	12	3460	32	1000000	10000	470	230	
113	12	3460	32	1000000	10000	470	230	
114	12	3460	32	1000000	10000	430	210	
115	4	3460	8	1000000	10000	300	180	
116	4	3460	8	1000000	10000	300	180	
117	4	3460	8	1000000	10000	300	180	
118	8	3460	16	1000000	10000	430	260	
119	4	2400	8	1000000	10000	280	170	
120	8	2400	16	1000000	10000	410	250	
121	4	3460	8	1000000	10000	300	180	
122	4	3460	8	1000000	10000	300	180	
123	8	3460	16	1000000	10000	410	200	
124	8	2400	16	1000000	10000	410	250	
125	4	2400	8	1000000	10000	280	170	
126	4	3460	8	1000000	10000	300	180	
127	8	2400	16	1000000	10000	410	250	
128	4	3460	8	1000000	10000	300	180	
129	12	3460	32	1000000	10000	470	230	
130	12	3460	32	1000000	10000	470	230	
131	8	3460	16	1000000	10000	430	260	
132	8	2400	16	1000000	10000	410	250	
133	8	3460	16	1000000	10000	410	200	
134	4	2400	8	1000000	10000	280	170	
135	8	3460	16	1000000	10000	410	200	
136	4	2400	8	1000000	10000	280	170	
137	4	2400	8	1000000	10000	280	170	
138	12	3460	32	1000000	10000	430	210	
139	8	2400	16	1000000	10000	410	250	
140	8	3460	16	1000000	10000	410	200	
141	4	2400	8	1000000	10000	280	170	
142	4	3460	8	1000000	10000	300	180	
143	4	3460	8	1000000	10000	300	180	
144	8	3460	16	1000000	10000	430	260	
145	8	3460	16	1000000	10000	410	200	
146	8	3460	16	1000000	10000	410	200	
147	8	3460	16	1000000	10000	430	260	
148	8	3460	16	1000000	10000	410	200	
149	8	3460	16	1000000	10000	410	200	
150	8	2400	16	1000000	10000	410	250	
151	8	2400	16	1000000	10000	410	250	
152	4	2400	8	1000000	10000	280	170	
153	8	2400	16	1000000	10000	410	250	
154	12	3460	32	1000000	10000	430	210	
155	4	3460	8	1000000	10000	300	180	
156	4	2400	8	1000000	10000	280	170	
157	12	3460	32	1000000	10000	430	210	
158	12	3460	32	1000000	10000	470	230	
159	12	3460	32	1000000	10000	470	230	
160	4	2400	8	1000000	10000	280	170	
161	8	2400	16	1000000	10000	410	250	
162	4	2400	8	1000000	10000	280	170	
163	12	3460	32	1000000	10000	430	210	
164	12	3460	32	1000000	10000	470	230	
165	12	3460	32	1000000	10000	430	210	
166	4	2400	8	1000000	10000	280	170	
167	4	3460	8	1000000	10000	300	180	
168	8	3460	16	1000000	10000	430	260	
169	8	3460	16	1000000	10000	430	260	
170	8	3460	16	1000000	10000	410	200	
171	8	2400	16	1000000	10000	410	250	
172	4	2400	8	1000000	10000	280	170	
173	12	3460	32	1000000	10000	430	210	
174	8	3460	16	1000000	10000	410	200	
175	12	3460	32	1000000	10000	470	230	
176	4	3460	8	1000000	10000	300	180	
177	8	2400	16	1000000	10000	410	250	
178	12	3460	32	1000000	10000	470	230	
179	8	2400	16	1000000	10000	410	250	
180	12	3460	32	1000000	10000	470	230	
181	8	3460	16	1000000	10000	430	260	
182	8	3460	16	1000000	10000	430	260	
183	4	2400	8	1000000	10000	280	170	
184	4	3460	8	1000000	10000	300	180	
185	8	3460	16	1000000	10000	410	200	
186	8	3460	16	1000000	10000	410	200	
187	4	2400	8	1000000	10000	280	170	
188	4	3460	8	1000000	10000	300	180	
189	12	3460	32	1000000	10000	470	230	
190	12	3460	32	1000000	10000	430	210	
191	4	2400	8	1000000	10000	280	170	
192	8	2400	16	1000000	10000	410	250	
193	4	3460	8	1000000	10000	300	180	
194	4	3460	8	1000000	10000	300	180	
195	8	2400	16	1000000	10000	410	250	
196	12	3460	32	1000000	10000	430	210	
197	8	3460	16	1000000	10000	430	260	
198	8	3460	16	1000000	10000	410	200	
199	4	3460	8	1000000	10000	300	180	
200	8	3460	16	1000000	10000	430	260	
201	8	2400	16	1000000	10000	410	250	
202	8	3460	16	1000000	10000	410	200	
203	4	2400	8	1000000	10000	280	170	
204	4	3460	8	1000000	10000	300	180	
205	12	3460	32	1000000	10000	430	210	
206	8	2400	16	1000000	10000	410	250	
207	8	3460	16	1000000	10000	430	260	
208	4	3460	8	1000000	10000	300	180	
209	4	2400	8	1000000	10000	280	170	
210	8	2400	16	1000000	10000	410	250	
211	8	3460	16	1000000	10000	430	260	
212	8	3460	16	1000000	10000	430	260	
213	12	3460	32	1000000	10000	430	210	
214	8	3460	16	1000000	10000	430	260	
215	8	3460	16	1000000	10000	430	260	
216	8	3460	16	1000000	10000	410	200	
217	8	2400	16	1000000	10000	410	250	
218	8	3460	16	1000000	10000	410	200	
219	12	3460	32	1000000	10000	430	210	
220	4	3460	8	1000000	10000	300	180	
221	12	3460	32	1000000	10000	470	230	
222	8	3460	16	1000000	10000	430	260	
223	8	3460	16	1000000	10000	430	260	
224	8	2400	16	1000000	10000	410	250	
225	12	3460	32	1000000	10000	470	230	
226	4	2400	8	1000000	10000	280	170	
227	4	3460	8	1000000	10000	300	180	
228	4	2400	8	1000000	10000	280	170	
229	12	3460	32	1000000	10000	430	210	
230	8	3460	16	1000000	10000	430	260	
231	4	3460	8	1000000	10000	300	180	
232	8	2400	16	1000000	10000	410	250	
233	4	2400	8	1000000	10000	280	170	
234	8	3460	16	1000000	10000	410	200	
235	12	3460	32	1000000	10000	470	230	
236	8	2400	16	1000000	10000	410	250	
237	8	2400	16	1000000	10000	410	250	
238	12	3460	32	1000000	10000	470	230	
239	12	3460	32	1000000	10000	470	230	
240	8	3460	16	1000000	10000	430	260	
241	4	3460	8	1000000	10000	300	180	
242	12	3460	32	1000000	10000	430	210	
243	4	3460	8	1000000	10000	300	180	
244	8	2400	16	1000000	10000	410	250	
245	4	3460	8	1000000	10000	300	180	
246	12	3460	32	1000000	10000	470	230	
247	8	3460	16	1000000	10000	410	200	
248	8	3460	16	1000000	10000	430	260	
249	8	3460	16	1000000	10000	430	260	
250	12	3460	32	1000000	10000	470	230	
251	8	3460	16	1000000	10000	430	260	
252	4	2400	8	1000000	10000	280	170	
253	8	3460	16	1000000	10000	430	260	
254	4	3460	8	1000000	10000	300	180	
255	12	3460	32	1000000	10000	470	230	
256	8	2400	16	1000000	10000	410	250	
257	8	3460	16	1000000	10000	430	260	
258	4	3460	8	1000000	10000	300	180	
259	4	2400	8	1000000	10000	280	170	
260	8	3460	16	1000000	10000	430	260	
261	8	2400	16	1000000	10000	410	250	
262	12	3460	32	1000000	10000	430	210	
263	12	3460	32	1000000	10000	470	230	
264	12	3460	32	1000000	10000	430	210	
265	8	3460	16	1000000	10000	410	200	
266	12	3460	32	1000000	10000	430	210	
267	12	3460	32	1000000	10000	430	210	
268	8	2400	16	1000000	10000	410	250	
269	4	3460	8	1000000	10000	300	180	
270	4	2400	8	1000000	10000	280	170	
271	8	2400	16	1000000	10000	410	250	
272	8	3460	16	1000000	10000	430	260	
273	4	3460	8	1000000	10000	300	180	
274	4	3460	8	1000000	10000	300	180	
275	8	3460	16	1000000	10000	410	200	
276	4	2400	8	1000000	10000	280	170	
277	12	3460	32	1000000	10000	430	210	
278	12	3460	32	1000000	10000	470	230	
279	4	3460	8	1000000	10000	300	180	
280	8	3460	16	1000000	10000	410	200	
281	8	3460	16	1000000	10000	430	260	
282	8	3460	16	1000000	10000	410	200	
283	4	2400	8	1000000	10000	280	170	
284	12	3460	32	1000000	10000	430	210	
285	12	3460	32	1000000	10000	470	230	
286	4	3460	8	1000000	10000	300	180	
287	12	3460	32	1000000	10000	470	230	
288	8	3460	16	1000000	10000	410	200	
289	8	3460	16	1000000	10000	410	200	
290	8	2400	16	1000000	10000	410	250	
291	4	2400	8	1000000	10000	280	170	
292	8	3460	16	1000000	10000	430	260	
293	12	3460	32	1000000	10000	470	230	
294	12	3460	32	1000000	10000	430	210	
295	8	3460	16	1000000	10000	430	260	
296	12	3460	32	1000000	10000	470	230	
297	8	2400	16	1000000	10000	410	250	
298	12	3460	32	1000000	10000	470	230	
299	8	2400	16	1000000	10000	410	250	
300	8	2400	16	1000000	10000	410	250	
301	4	2400	8	1000000	10000	280	170	
302	12	3460	32	1000000	10000	430	210	
303	12	3460	32	1000000	10000	430	210	
304	4	2400	8	1000000	10000	280	170	
305	8	3460	16	1000000	10000	410	200	
306	8	2400	16	1000000	10000	410	250	
307	4	3460	8	1000000	10000	300	180	
308	8	3460	16	1000000	10000	410	200	
309	4	2400	8	1000000	10000	280	170	
310	8	3460	16	1000000	10000	430	260	
311	4	2400	8	1000000	10000	280	170	
312	4	3460	8	1000000	10000	300	180	
313	8	2400	16	1000000	10000	410	250	
314	8	2400	16	1000000	10000	410	250	
315	8	2400	16	1000000	10000	410	250	
316	12	3460	32	1000000	10000	470	230	
317	8	2400	16	1000000	10000	410	250	
318	8	3460	16	1000000	10000	430	260	
319	4	3460	8	1000000	10000	300	180	
320	8	3460	16	1000000	10000	410	200	
321	4	3460	8	1000000	10000	300	180	
322	12	3460	32	1000000	10000	430	210	
323	8	2400	16	1000000	10000	410	250	
324	12	3460	32	1000000	10000	470	230	
325	8	3460	16	1000000	10000	430	260	
326	8	3460	16	1000000	10000	430	260	
327	12	3460	32	1000000	10000	430	210	
328	4	2400	8	1000000	10000	280	170	
329	8	3460	16	1000000	10000	430	260	
330	12	3460	32	1000000	10000	430	210	
331	4	2400	8	1000000	10000	280	170	
332	4	2400	8	1000000	10000	280	170	
333	4	3460	8	1000000	10000	300	180	
334	8	3460	16	1000000	10000	410	200	
335	4	2400	8	1000000	10000	280	170	
336	8	3460	16	1000000	10000	410	200	
337	8	3460	16	1000000	10000	430	260	
338	8	3460	16	1000000	10000	430	260	
339	4	3460	8	1000000	10000	300	180	
340	12	3460	32	1000000	10000	470	230	
341	8	3460	16	1000000	10000	410	200	
342	12	3460	32	1000000	10000	470	230	
343	4	2400	8	1000000	10000	280	170	
344	4	3460	8	1000000	10000	300	180	
345	8	3460	16	1000000	10000	430	260	
346	4	2400	8	1000000	10000	280	170	
347	12	3460	32	1000000	10000	430	210	
348	12	3460	32	1000000	10000	430	210	
349	12	3460	32	1000000	10000	470	230	
350	8	3460	16	1000000	10000	410	200	
351	12	3460	32	1000000	10000	430	210	
352	12	3460	32	1000000	10000	430	210	
353	4	2400	8	1000000	10000	280	170	
354	12	3460	32	1000000	10000	470	230	
355	4	3460	8	1000000	10000	300	180	
356	8	3460	16	1000000	10000	430	260	
357	8	2400	16	1000000	10000	410	250	
358	4	2400	8	1000000	10000	280	170	
359	12	3460	32	1000000	10000	430	210	
360	8	3460	16	1000000	10000	430	260	
361	4	2400	8	1000000	10000	280	170	
362	8	3460	16	1000000	10000	430	260	
363	4	2400	8	1000000	10000	280	170	
364	8	3460	16	1000000	10000	430	260	
365	8	3460	16	1000000	10000	430	260	
366	8	2400	16	1000000	10000	410	250	
367	8	3460	16	1000000	10000	410	200	
368	4	3460	8	1000000	10000	300	180	
369	8	2400	16	1000000	10000	410	250	
370	4	3460	8	1000000	10000	300	180	
371	8	3460	16	1000000	10000	430	260	
372	12	3460	32	1000000	10000	470	230	
373	4	2400	8	1000000	10000	280	170	
374	12	3460	32	1000000	10000	470	230	
375	8	3460	16	1000000	10000	430	260	
376	8	3460	16	1000000	10000	430	260	
377	8	3460	16	1000000	10000	410	200	
378	4	2400	8	1000000	10000	280	170	
379	4	3460	8	1000000	10000	300	180	
380	8	3460	16	1000000	10000	410	200	
381	8	3460	16	1000000	10000	410	200	
382	12	3460	32	1000000	10000	470	230	
383	8	3460	16	1000000	10000	410	200	
384	4	3460	8	1000000	10000	300	180	
385	12	3460	32	1000000	10000	430	210	
386	12	3460	32	1000000	10000	430	210	
387	12	3460	32	1000000	10000	470	230	
388	12	3460	32	1000000	10000	470	230	
389	4	2400	8	1000000	10000	280	170	
390	8	2400	16	1000000	10000	410	250	
391	4	3460	8	1000000	10000	300	180	
392	8	2400	16	1000000	10000	410	250	
393	8	3460	16	1000000	10000	430	260	
394	8	3460	16	1000000	10000	430	260	
395	12	3460	32	1000000	10000	430	210	
396	12	3460	32	1000000	10000	470	230	
397	12	3460	32	1000000	10000	470	230	
398	8	2400	16	1000000	10000	410	250	
399	8	3460	16	1000000	10000	410	200	
400	8	3460	16	1000000	10000	430	260	
401	8	3460	16	1000000	10000	410	200	
402	12	3460	32	1000000	10000	470	230	
403	8	3460	16	1000000	10000	410	200	
404	4	3460	8	1000000	10000	300	180	
405	4	2400	8	1000000	10000	280	170	
406	12	3460	32	1000000	10000	470	230	
407	8	3460	16	1000000	10000	410	200	
408	8	3460	16	1000000	10000	410	200	
409	8	3460	16	1000000	10000	430	260	
410	12	3460	32	1000000	10000	430	210	
411	4	2400	8	1000000	10000	280	170	
412	12	3460	32	1000000	10000	430	210	
413	8	2400	16	1000000	10000	410	250	
414	8	3460	16	1000000	10000	410	200	
415	12	3460	32	1000000	10000	470	230	
416	8	2400	16	1000000	10000	410	250	
417	4	3460	8	1000000	10000	300	180	
418	8	3460	16	1000000	10000	410	200	
419	12	3460	32	1000000	10000	470	230	
420	4	3460	8	1000000	10000	300	180	
421	12	3460	32	1000000	10000	430	210	
422	8	3460	16	1000000	10000	410	200	
423	4	3460	8	1000000	10000	300	180	
424	4	3460	8	1000000	10000	300	180	
425	8	3460	16	1000000	10000	430	260	
426	12	3460	32	1000000	10000	470	230	
427	12	3460	32	1000000	10000	470	230	
428	12	3460	32	1000000	10000	470	230	
429	12	3460	32	1000000	10000	470	230	
430	8	3460	16	1000000	10000	430	260	
431	12	3460	32	1000000	10000	470	230	
432	12	3460	32	1000000	10000	470	230	
433	4	3460	8	1000000	10000	300	180	
434	12	3460	32	1000000	10000	430	210	
435	12	3460	32	1000000	10000	430	210	
436	12	3460	32	1000000	10000	470	230	
437	12	3460	32	1000000	10000	470	230	
438	4	3460	8	1000000	10000	300	180	
439	4	2400	8	1000000	10000	280	170	
440	4	3460	8	1000000	10000	300	180	
441	4	2400	8	1000000	10000	280	170	
442	8	3460	16	1000000	10000	410	200	
443	8	3460	16	1000000	10000	410	200	
444	12	3460	32	1000000	10000	430	210	
445	4	2400	8	1000000	10000	280	170	
446	8	2400	16	1000000	10000	410	250	
447	4	2400	8	1000000	10000	280	170	
448	4	3460	8	1000000	10000	300	180	
449	12	3460	32	1000000	10000	470	230	
450	4	2400	8	1000000	10000	280	170	
451	8	3460	16	1000000	10000	430	260	
452	12	3460	32	1000000	10000	470	230	
453	4	3460	8	1000000	10000	300	180	
454	12	3460	32	1000000	10000	430	210	
455	8	2400	16	1000000	10000	410	250	
456	4	2400	8	1000000	10000	280	170	
457	8	2400	16	1000000	10000	410	250	
458	8	2400	16	1000000	10000	410	250	
459	4	2400	8	1000000	10000	280	170	
460	12	3460	32	1000000	10000	470	230	
461	4	3460	8	1000000	10000	300	180	
462	8	3460	16	1000000	10000	430	260	
463	8	3460	16	1000000	10000	430	260	
464	4	3460	8	1000000	10000	300	180	
465	12	3460	32	1000000	10000	430	210	
466	8	2400	16	1000000	10000	410	250	
467	8	2400	16	1000000	10000	410	250	
468	8	2400	16	1000000	10000	410	250	
469	4	2400	8	1000000	10000	280	170	
470	8	2400	16	1000000	10000	410	250	
471	8	3460	16	1000000	10000	430	260	
472	12	3460	32	1000000	10000	470	230	
473	4	3460	8	1000000	10000	300	180	
474	12	3460	32	1000000	10000	470	230	
475	8	2400	16	1000000	10000	410	250	
476	12	3460	32	1000000	10000	470	230	
477	8	3460	16	1000000	10000	410	200	
478	12	3460	32	1000000	10000	430	210	
479	8	3460	16	1000000	10000	410	200	
480	12	3460	32	1000000	10000	470	230	
481	8	2400	16	1000000	10000	410	250	
482	12	3460	32	1000000	10000	430	210	
483	8	3460	16	1000000	10000	430	260	
484	12	3460	32	1000000	10000	430	210	
485	12	3460	32	1000000	10000	430	210	
486	8	3460	16	1000000	10000	430	260	
487	4	3460	8	1000000	10000	300	180	
488	12	3460	32	1000000	10000	430	210	
489	4	3460	8	1000000	10000	300	180	
490	8	3460	16	1000000	10000	410	200	
491	8	3460	16	1000000	10000	430	260	
492	12	3460	32	1000000	10000	430	210	
493	8	2400	16	1000000	10000	410	250	
494	4	3460	8	1000000	10000	300	180	
495	4	2400	8	1000000	10000	280	170	
496	8	2400	16	1000000	10000	410	250	
497	4	2400	8	1000000	10000	280	170	
498	8	2400	16	1000000	10000	410	250	
499	8	3460	16	1000000	10000	410	200	
500	4	3460	8	1000000	10000	300	180	
501	8	2400	16	1000000	10000	410	250	
502	8	3460	16	1000000	10000	430	260	
503	4	2400	8	1000000	10000	280	170	
504	4	3460	8	1000000	10000	300	180	
505	8	2400	16	1000000	10000	410	250	
506	8	3460	16	1000000	10000	430	260	
507	8	3460	16	1000000	10000	410	200	
508	12	3460	32	1000000	10000	430	210	
509	8	2400	16	1000000	10000	410	250	
510	8	3460	16	1000000	10000	410	200	
511	8	3460	16	1000000	10000	430	260	
512	8	3460	16	1000000	10000	410	200	
513	12	3460	32	1000000	10000	470	230	
514	4	2400	8	1000000	10000	280	170	
515	8	2400	16	1000000	10000	410	250	
516	4	2400	8	1000000	10000	280	170	
517	4	3460	8	1000000	10000	300	180	
518	8	3460	16	1000000	10000	410	200	
519	8	2400	16	1000000	10000	410	250	
520	4	3460	8	1000000	10000	300	180	
521	8	2400	16	1000000	10000	410	250	
522	4	3460	8	1000000	10000	300	180	
523	8	3460	16	1000000	10000	410	200	
524	8	2400	16	1000000	10000	410	250	
525	4	3460	8	1000000	10000	300	180	
526	8	2400	16	1000000	10000	410	250	
527	8	3460	16	1000000	10000	410	200	
528	8	2400	16	1000000	10000	410	250	
529	4	2400	8	1000000	10000	280	170	
530	12	3460	32	1000000	10000	470	230	
531	8	3460	16	1000000	10000	430	260	
532	12	3460	32	1000000	10000	470	230	
533	4	2400	8	1000000	10000	280	170	
534	12	3460	32	1000000	10000	430	210	
535	8	2400	16	1000000	10000	410	250	
536	12	3460	32	1000000	10000	470	230	
537	4	2400	8	1000000	10000	280	170	
538	8	3460	16	1000000	10000	430	260	
539	4	2400	8	1000000	10000	280	170	
540	8	3460	16	1000000	10000	430	260	
541	12	3460	32	1000000	10000	470	230	
542	4	3460	8	1000000	10000	300	180	
543	8	2400	16	1000000	10000	410	250	
544	12	3460	32	1000000	10000	470	230	
545	8	3460	16	1000000	10000	410	200	
546	8	2400	16	1000000	10000	410	250	
547	4	2400	8	1000000	10000	280	170	
548	12	3460	32	1000000	10000	470	230	
549	12	3460	32	1000000	10000	470	230	
550	4	2400	8	1000000	10000	280	170	
551	8	3460	16	1000000	10000	430	260	
552	8	3460	16	1000000	10000	410	200	
553	4	3460	8	1000000	10000	300	180	
554	8	2400	16	1000000	10000	410	250	
555	4	2400	8	1000000	10000	280	170	
556	8	3460	16	1000000	10000	410	200	
557	12	3460	32	1000000	10000	470	230	
558	12	3460	32	1000000	10000	470	230	
559	4	2400	8	1000000	10000	280	170	
560	12	3460	32	1000000	10000	430	210	
561	12	3460	32	1000000	10000	430	210	
562	8	3460	16	1000000	10000	410	200	
563	8	3460	16	1000000	10000	430	260	
564	12	3460	32	1000000	10000	470	230	
565	12	3460	32	1000000	10000	430	210	
566	8	3460	16	1000000	10000	410	200	
567	8	2400	16	1000000	10000	410	250	
568	8	3460	16	1000000	10000	410	200	
569	12	3460	32	1000000	10000	430	210	
570	12	3460	32	1000000	10000	430	210	
571	8	3460	16	1000000	10000	410	200	
572	12	3460	32	1000000	10000	470	230	
573	4	3460	8	1000000	10000	300	180	
574	8	3460	16	1000000	10000	410	200	
575	4	3460	8	1000000	10000	300	180	
576	4	2400	8	1000000	10000	280	170	
577	12	3460	32	1000000	10000	470	230	
578	8	3460	16	1000000	10000	410	200	
579	8	2400	16	1000000	10000	410	250	
580	12	3460	32	1000000	10000	470	230	
581	8	3460	16	1000000	10000	430	260	
582	8	3460	16	1000000	10000	410	200	
583	12	3460	32	1000000	10000	470	230	
584	8	3460	16	1000000	10000	430	260	
585	8	3460	16	1000000	10000	430	260	
586	8	2400	16	1000000	10000	410	250	
587	4	3460	8	1000000	10000	300	180	
588	8	3460	16	1000000	10000	430	260	
589	4	3460	8	1000000	10000	300	180	
590	12	3460	32	1000000	10000	430	210	
591	4	2400	8	1000000	10000	280	170	
592	4	2400	8	1000000	10000	280	170	
593	12	3460	32	1000000	10000	430	210	
594	4	3460	8	1000000	10000	300	180	
595	4	3460	8	1000000	10000	300	180	
596	8	3460	16	1000000	10000	410	200	
597	12	3460	32	1000000	10000	430	210	
598	8	3460	16	1000000	10000	430	260	
599	12	3460	32	1000000	10000	470	230	
600	8	3460	16	1000000	10000	430	260	
601	8	3460	16	1000000	10000	410	200	
602	12	3460	32	1000000	10000	470	230	
603	12	3460	32	1000000	10000	430	210	
604	4	3460	8	1000000	10000	300	180	
605	8	3460	16	1000000	10000	430	260	
606	12	3460	32	1000000	10000	470	230	
607	4	3460	8	1000000	10000	300	180	
608	8	3460	16	1000000	10000	410	200	
609	12	3460	32	1000000	10000	470	230	
610	8	3460	16	1000000	10000	430	260	
611	8	2400	16	1000000	10000	410	250	
612	12	3460	32	1000000	10000	430	210	
613	8	3460	16	1000000	10000	410	200	
614	8	3460	16	1000000	10000	410	200	
615	12	3460	32	1000000	10000	430	210	
616	8	3460	16	1000000	10000	430	260	
617	12	3460	32	1000000	10000	430	210	
618	8	2400	16	1000000	10000	410	250	
619	12	3460	32	1000000	10000	470	230	
620	12	3460	32	1000000	10000	430	210	
621	12	3460	32	1000000	10000	430	210	
622	4	2400	8	1000000	10000	280	170	
623	12	3460	32	1000000	10000	430	210	
624	8	3460	16	1000000	10000	430	260	
625	12	3460	32	1000000	10000	470	230	
626	4	2400	8	1000000	10000	280	170	
627	4	3460	8	1000000	10000	300	180	
628	12	3460	32	1000000	10000	430	210	
629	8	2400	16	1000000	10000	410	250	
630	8	3460	16	1000000	10000	410	200	
631	4	3460	8	1000000	10000	300	180	
632	12	3460	32	1000000	10000	430	210	
633	4	2400	8	1000000	10000	280	170	
634	4	2400	8	1000000	10000	280	170	
635	8	3460	16	1000000	10000	410	200	
636	8	3460	16	1000000	10000	430	260	
637	8	3460	16	1000000	10000	410	200	
638	8	3460	16	1000000	10000	430	260	
639	8	3460	16	1000000	10000	410	200	
640	8	3460	16	1000000	10000	430	260	
641	12	3460	32	1000000	10000	430	210	
642	4	3460	8	1000000	10000	300	180	
643	4	2400	8	1000000	10000	280	170	
644	8	2400	16	1000000	10000	410	250	
645	8	3460	16	1000000	10000	430	260	
646	8	2400	16	1000000	10000	410	250	
647	4	3460	8	1000000	10000	300	180	
648	4	3460	8	1000000	10000	300	180	
649	8	3460	16	1000000	10000	430	260	
650	12	3460	32	1000000	10000	430	210	
651	4	2400	8	1000000	10000	280	170	
652	8	2400	16	1000000	10000	410	250	
653	12	3460	32	1000000	10000	470	230	
654	12	3460	32	1000000	10000	470	230	
655	8	3460	16	1000000	10000	410	200	
656	8	2400	16	1000000	10000	410	250	
657	8	2400	16	1000000	10000	410	250	
658	8	2400	16	1000000	10000	410	250	
659	12	3460	32	1000000	10000	470	230	
660	12	3460	32	1000000	10000	470	230	
661	4	2400	8	1000000	10000	280	170	
662	8	3460	16	1000000	10000	430	260	
663	4	2400	8	1000000	10000	280	170	
664	8	2400	16	1000000	10000	410	250	
665	8	3460	16	1000000	10000	410	200	
666	8	2400	16	1000000	10000	410	250	
667	4	2400	8	1000000	10000	280	170	
668	4	3460	8	1000000	10000	300	180	
669	8	3460	16	1000000	10000	410	200	
670	12	3460	32	1000000	10000	430	210	
671	12	3460	32	1000000	10000	430	210	
672	12	3460	32	1000000	10000	470	230	
673	8	3460	16	1000000	10000	430	260	
674	8	3460	16	1000000	10000	430	260	
675	4	2400	8	1000000	10000	280	170	
676	12	3460	32	1000000	10000	430	210	
677	12	3460	32	1000000	10000	470	230	
678	4	3460	8	1000000	10000	300	180	
679	4	3460	8	1000000	10000	300	180	
680	12	3460	32	1000000	10000	470	230	
681	4	3460	8	1000000	10000	300	180	
682	8	3460	16	1000000	10000	410	200	
683	8	3460	16	1000000	10000	410	200	
684	8	2400	16	1000000	10000	410	250	
685	8	3460	16	1000000	10000	430	260	
686	8	3460	16	1000000	10000	410	200	
687	4	3460	8	1000000	10000	300	180	
688	8	3460	16	1000000	10000	410	200	
689	4	3460	8	1000000	10000	300	180	
690	8	3460	16	1000000	10000	430	260	
691	8	2400	16	1000000	10000	410	250	
692	8	3460	16	1000000	10000	410	200	
693	12	3460	32	1000000	10000	430	210	
694	4	2400	8	1000000	10000	280	170	
695	8	2400	16	1000000	10000	410	250	
696	12	3460	32	1000000	10000	430	210	
697	4	2400	8	1000000	10000	280	170	
698	8	3460	16	1000000	10000	410	200	
699	8	2400	16	1000000	10000	410	250	
700	12	3460	32	1000000	10000	430	210	
701	4	2400	8	1000000	10000	280	170	
702	8	3460	16	1000000	10000	430	260	
703	4	3460	8	1000000	10000	300	180	
704	12	3460	32	1000000	10000	470	230	
705	12	3460	32	1000000	10000	470	230	
706	4	3460	8	1000000	10000	300	180	
707	4	2400	8	1000000	10000	280	170	
708	8	2400	16	1000000	10000	410	250	
709	8	3460	16	1000000	10000	410	200	
710	8	3460	16	1000000	10000	410	200	
711	4	2400	8	1000000	10000	280	170	
712	8	3460	16	1000000	10000	410	200	
713	8	2400	16	1000000	10000	410	250	
714	8	3460	16	1000000	10000	430	260	
715	4	3460	8	1000000	10000	300	180	
716	8	2400	16	1000000	10000	410	250	
717	12	3460	32	1000000	10000	430	210	
718	8	3460	16	1000000	10000	410	200	
719	4	3460	8	1000000	10000	300	180	
720	8	2400	16	1000000	10000	410	250	
721	4	2400	8	1000000	10000	280	170	
722	4	3460	8	1000000	10000	300	180	
723	12	3460	32	1000000	10000	470	230	
724	8	3460	16	1000000	10000	430	260	
725	8	2400	16	1000000	10000	410	250	
726	8	3460	16	1000000	10000	430	260	
727	12	3460	32	1000000	10000	430	210	
728	12	3460	32	1000000	10000	470	230	
729	8	3460	16	1000000	10000	430	260	
730	12	3460	32	1000000	10000	470	230	
731	4	3460	8	1000000	10000	300	180	
732	4	3460	8	1000000	10000	300	180	
733	4	2400	8	1000000	10000	280	170	
734	8	3460	16	1000000	10000	430	260	
735	8	3460	16	1000000	10000	410	200	
736	8	3460	16	1000000	10000	410	200	
737	4	2400	8	1000000	10000	280	170	
738	8	3460	16	1000000	10000	430	260	
739	8	3460	16	1000000	10000	410	200	
740	12	3460	32	1000000	10000	430	210	
741	12	3460	32	1000000	10000	470	230	
742	8	2400	16	1000000	10000	410	250	
743	12	3460	32	1000000	10000	470	230	
744	4	2400	8	1000000	10000	280	170	
745	4	3460	8	1000000	10000	300	180	
746	8	3460	16	1000000	10000	410	200	
747	4	3460	8	1000000	10000	300	180	
748	8	2400	16	1000000	10000	410	250	
749	12	3460	32	1000000	10000	430	210	
750	4	2400	8	1000000	10000	280	170	
751	8	3460	16	1000000	10000	430	260	
752	8	3460	16	1000000	10000	410	200	
753	4	2400	8	1000000	10000	280	170	
754	12	3460	32	1000000	10000	430	210	
755	8	2400	16	1000000	10000	410	250	
756	8	3460	16	1000000	10000	430	260	
757	8	3460	16	1000000	10000	430	260	
758	12	3460	32	1000000	10000	470	230	
759	8	3460	16	1000000	10000	430	260	
760	4	3460	8	1000000	10000	300	180	
761	12	3460	32	1000000	10000	430	210	
762	8	3460	16	1000000	10000	430	260	
763	12	3460	32	1000000	10000	430	210	
764	8	3460	16	1000000	10000	410	200	
765	4	3460	8	1000000	10000	300	180	
766	12	3460	32	1000000	10000	430	210	
767	8	3460	16	1000000	10000	430	260	
768	12	3460	32	1000000	10000	470	230	
769	8	3460	16	1000000	10000	430	260	
770	4	3460	8	1000000	10000	300	180	
771	8	2400	16	1000000	10000	410	250	
772	12	3460	32	1000000	10000	470	230	
773	4	2400	8	1000000	10000	280	170	
774	4	3460	8	1000000	10000	300	180	
775	4	2400	8	1000000	10000	280	170	
776	8	3460	16	1000000	10000	430	260	
777	8	3460	16	1000000	10000	430	260	
778	4	3460	8	1000000	10000	300	180	
779	8	3460	16	1000000	10000	410	200	
780	12	3460	32	1000000	10000	430	210	
781	4	2400	8	1000000	10000	280	170	
782	8	3460	16	1000000	10000	410	200	
783	12	3460	32	1000000	10000	430	210	
784	8	2400	16	1000000	10000	410	250	
785	8	3460	16	1000000	10000	410	200	
786	8	2400	16	1000000	10000	410	250	
787	8	3460	16	1000000	10000	410	200	
788	12	3460	32	1000000	10000	430	210	
789	8	2400	16	1000000	10000	410	250	
790	4	3460	8	1000000	10000	300	180	
791	12	3460	32	1000000	10000	470	230	
792	4	2400	8	1000000	10000	280	170	
793	8	3460	16	1000000	10000	410	200	
794	4	2400	8	1000000	10000	280	170	
795	4	2400	8	1000000	10000	280	170	
796	8	3460	16	1000000	10000	430	260	
797	4	3460	8	1000000	10000	300	180	
798	8	3460	16	1000000	10000	410	200	
799	8	2400	16	1000000	10000	410	250	
800	4	2400	8	1000000	10000	280	170	
801	8	2400	16	1000000	10000	410	250	
802	8	3460	16	1000000	10000	410	200	
803	12	3460	32	1000000	10000	430	210	
804	4	3460	8	1000000	10000	300	180	
805	12	3460	32	1000000	10000	430	210	
806	12	3460	32	1000000	10000	430	210	
807	8	3460	16	1000000	10000	410	200	
808	4	3460	8	1000000	10000	300	180	
809	12	3460	32	1000000	10000	470	230	
810	8	3460	16	1000000	10000	410	200	
811	4	3460	8	1000000	10000	300	180	
812	4	2400	8	1000000	10000	280	170	
813	12	3460	32	1000000	10000	430	210	
814	8	3460	16	1000000	10000	430	260	
815	8	3460	16	1000000	10000	410	200	
816	8	3460	16	1000000	10000	410	200	
817	4	3460	8	1000000	10000	300	180	
818	8	2400	16	1000000	10000	410	250	
819	12	3460	32	1000000	10000	470	230	
820	12	3460	32	1000000	10000	430	210	
821	4	2400	8	1000000	10000	280	170	
822	12	3460	32	1000000	10000	430	210	
823	8	3460	16	1000000	10000	430	260	
824	4	2400	8	1000000	10000	280	170	
825	12	3460	32	1000000	10000	470	230	
826	4	3460	8	1000000	10000	300	180	
827	4	2400	8	1000000	10000	280	170	
828	4	2400	8	1000000	10000	280	170	
829	8	2400	16	1000000	10000	410	250	
830	12	3460	32	1000000	10000	430	210	
831	8	2400	16	1000000	10000	410	250	
832	8	3460	16	1000000	10000	430	260	
833	4	2400	8	1000000	10000	280	170	
834	8	2400	16	1000000	10000	410	250	
835	12	3460	32	1000000	10000	430	210	
836	12	3460	32	1000000	10000	470	230	
837	8	3460	16	1000000	10000	410	200	
838	12	3460	32	1000000	10000	430	210	
839	8	2400	16	1000000	10000	410	250	
840	12	3460	32	1000000	10000	430	210	
841	4	3460	8	1000000	10000	300	180	
842	8	3460	16	1000000	10000	430	260	
843	12	3460	32	1000000	10000	430	210	
844	12	3460	32	1000000	10000	470	230	
845	12	3460	32	1000000	10000	430	210	
846	8	3460	16	1000000	10000	430	260	
847	4	3460	8	1000000	10000	300	180	
848	8	3460	16	1000000	10000	410	200	
849	12	3460	32	1000000	10000	430	210	
850	12	3460	32	1000000	10000	430	210	
851	12	3460	32	1000000	10000	430	210	
852	8	3460	16	1000000	10000	410	200	
853	4	2400	8	1000000	10000	280	170	
854	12	3460	32	1000000	10000	470	230	
855	4	3460	8	1000000	10000	300	180	
856	8	3460	16	1000000	10000	410	200	
857	4	2400	8	1000000	10000	280	170	
858	8	3460	16	1000000	10000	410	200	
859	12	3460	32	1000000	10000	470	230	
860	12	3460	32	1000000	10000	430	210	
861	8	2400	16	1000000	10000	410	250	
862	12	3460	32	1000000	10000	430	210	
863	8	3460	16	1000000	10000	430	260	
864	8	3460	16	1000000	10000	410	200	
865	4	2400	8	1000000	10000	280	170	
866	8	3460	16	1000000	10000	410	200	
867	4	3460	8	1000000	10000	300	180	
868	8	3460	16	1000000	10000	410	200	
869	4	2400	8	1000000	10000	280	170	
870	8	2400	16	1000000	10000	410	250	
871	4	3460	8	1000000	10000	300	180	
872	4	3460	8	1000000	10000	300	180	
873	8	2400	16	1000000	10000	410	250	
874	8	2400	16	1000000	10000	410	250	
875	8	3460	16	1000000	10000	430	260	
876	12	3460	32	1000000	10000	430	210	
877	8	3460	16	1000000	10000	410	200	
878	4	3460	8	1000000	10000	300	180	
879	12	3460	32	1000000	10000	430	210	
880	8	3460	16	1000000	10000	410	200	
881	8	2400	16	1000000	10000	410	250	
882	4	3460	8	1000000	10000	300	180	
883	8	2400	16	1000000	10000	410	250	
884	4	3460	8	1000000	10000	300	180	
885	8	3460	16	1000000	10000	430	260	
886	8	3460	16	1000000	10000	410	200	
887	12	3460	32	1000000	10000	470	230	
888	8	3460	16	1000000	10000	430	260	
889	12	3460	32	1000000	10000	430	210	
890	8	3460	16	1000000	10000	430	260	
891	8	2400	16	1000000	10000	410	250	
892	12	3460	32	1000000	10000	430	210	
893	12	3460	32	1000000	10000	470	230	
894	4	2400	8	1000000	10000	280	170	
895	8	3460	16	1000000	10000	410	200	
896	4	2400	8	1000000	10000	280	170	
897	12	3460	32	1000000	10000	470	230	
898	4	2400	8	1000000	10000	280	170	
899	12	3460	32	1000000	10000	430	210	
900	4	3460	8	1000000	10000	300	180	
901	8	3460	16	1000000	10000	430	260	
902	4	2400	8	1000000	10000	280	170	
903	12	3460	32	1000000	10000	430	210	
904	8	3460	16	1000000	10000	430	260	
905	8	2400	16	1000000	10000	410	250	
906	8	2400	16	1000000	10000	410	250	
907	4	2400	8	1000000	10000	280	170	
908	8	3460	16	1000000	10000	430	260	
909	4	2400	8	1000000	10000	280	170	
910	4	2400	8	1000000	10000	280	170	
911	12	3460	32	1000000	10000	470	230	
912	12	3460	32	1000000	10000	470	230	
913	4	3460	8	1000000	10000	300	180	
914	4	2400	8	1000000	10000	280	170	
915	12	3460	32	1000000	10000	430	210	
916	12	3460	32	1000000	10000	430	210	
917	12	3460	32	1000000	10000	430	210	
918	8	3460	16	1000000	10000	430	260	
919	12	3460	32	1000000	10000	470	230	
920	8	3460	16	1000000	10000	410	200	
921	4	2400	8	1000000	10000	280	170	
922	8	3460	16	1000000	10000	410	200	
923	8	3460	16	1000000	10000	410	200	
924	12	3460	32	1000000	10000	430	210	
925	12	3460	32	1000000	10000	430	210	
926	12	3460	32	1000000	10000	470	230	
927	4	2400	8	1000000	10000	280	170	
928	8	3460	16	1000000	10000	430	260	
929	8	2400	16	1000000	10000	410	250	
930	8	3460	16	1000000	10000	430	260	
931	8	3460	16	1000000	10000	430	260	
932	8	3460	16	1000000	10000	430	260	
933	4	2400	8	1000000	10000	280	170	
934	4	2400	8	1000000	10000	280	170	
935	12	3460	32	1000000	10000	470	230	
936	12	3460	32	1000000	10000	430	210	
937	12	3460	32	1000000	10000	430	210	
938	12	3460	32	1000000	10000	430	210	
939	4	3460	8	1000000	10000	300	180	
940	12	3460	32	1000000	10000	430	210	
941	8	2400	16	1000000	10000	410	250	
942	4	2400	8	1000000	10000	280	170	
943	8	3460	16	1000000	10000	430	260	
944	12	3460	32	1000000	10000	430	210	
945	12	3460	32	1000000	10000	470	230	
946	4	2400	8	1000000	10000	280	170	
947	12	3460	32	1000000	10000	470	230	
948	12	3460	32	1000000	10000	470	230	
949	12	3460	32	1000000	10000	430	210	
950	4	3460	8	1000000	10000	300	180	
951	12	3460	32	1000000	10000	470	230	
952	8	3460	16	1000000	10000	410	200	
953	8	2400	16	1000000	10000	410	250	
954	4	2400	8	1000000	10000	280	170	
955	8	3460	16	1000000	10000	430	260	
956	12	3460	32	1000000	10000	470	230	
957	8	3460	16	1000000	10000	430	260	
958	8	3460	16	1000000	10000	410	200	
959	12	3460	32	1000000	10000	430	210	
960	4	3460	8	1000000	10000	300	180	
961	4	3460	8	1000000	10000	300	180	
962	8	3460	16	1000000	10000	430	260	
963	8	3460	16	1000000	10000	430	260	
964	4	3460	8	1000000	10000	300	180	
965	12	3460	32	1000000	10000	430	210	
966	4	3460	8	1000000	10000	300	180	
967	8	3460	16	1000000	10000	430	260	
968	4	3460	8	1000000	10000	300	180	
969	12	3460	32	1000000	10000	430	210	
970	12	3460	32	1000000	10000	430	210	
971	12	3460	32	1000000	10000	430	210	
972	8	2400	16	1000000	10000	410	250	
973	4	3460	8	1000000	10000	300	180	
974	8	3460	16	1000000	10000	410	200	
975	4	3460	8	1000000	10000	300	180	
976	8	3460	16	1000000	10000	410	200	
977	8	3460	16	1000000	10000	430	260	
978	8	3460	16	1000000	10000	430	260	
979	12	3460	32	1000000	10000	430	210	
980	8	3460	16	1000000	10000	410	200	
981	8	3460	16	1000000	10000	430	260	
982	8	3460	16	1000000	10000	410	200	
983	4	2400	8	1000000	10000	280	170	
984	8	2400	16	1000000	10000	410	250	
985	12	3460	32	1000000	10000	470	230	
986	4	2400	8	1000000	10000	280	170	
987	12	3460	32	1000000	10000	430	210	
988	8	3460	16	1000000	10000	410	200	
989	8	2400	16	1000000	10000	410	250	
990	8	2400	16	1000000	10000	410	250	
991	4	2400	8	1000000	10000	280	170	
992	8	2400	16	1000000	10000	410	250	
993	12	3460	32	1000000	10000	470	230	
994	4	3460	8	1000000	10000	300	180	
995	12	3460	32	1000000	10000	430	210	
996	8	3460	16	1000000	10000	430	260	
997	4	2400	8	1000000	10000	280	170	
998	8	3460	16	1000000	10000	410	200	
999	12	3460	32	1000000	10000	430	210	
